""""this is a run result example for 5 days in one timestep""""

step =

     1


qo =

  1.0e+003 *

  Columns 1 through 10 

         0         0         0         0         0         0         0         0         0         0
         0         0   -5.7308         0         0         0         0         0         0         0
         0         0         0         0         0         0         0         0   -2.8015         0
         0         0         0         0         0         0         0         0         0         0
         0         0         0         0         0         0         0         0         0         0
         0         0         0         0         0         0         0         0         0         0
         0         0         0         0         0         0         0         0         0         0
         0         0         0         0         0         0         0         0         0         0
         0         0         0         0         0         0         0         0         0         0

  Columns 11 through 12 

         0         0
         0         0
         0         0
         0         0
         0         0
         0         0
         0         0
         0         0
         0         0


qw =

  1.0e+003 *

  Columns 1 through 10 

         0         0         0         0         0         0         0         0         0         0
         0         0   -0.7709         0         0         0         0         0         0         0
         0         0         0         0         0         0         0         0   -0.3769         0
         0         0         0         0         0    2.5000         0         0         0         0
         0         0         0         0         0         0         0         0         0         0
         0         0         0         0         0         0         0         0         0         0
         0         0         0         0         0         0         0         0         0         0
         0         0         0         0         0         0         0         0         0         0
         0         0         0         0         0         0         0         0         0         0

  Columns 11 through 12 

         0         0
         0         0
         0         0
         0         0
         0         0
         0         0
         0         0
         0         0
         0         0


qostep =

 -8.5322e+003


qwstep =

  1.3522e+003


eimbco =

     0


eimbcw =

     0


pwatn =

  1.0e+003 *

  Columns 1 through 10 

         0    5.9082    5.7238    5.9553         0         0         0         0         0         0
    6.1306    5.9451    5.3999    6.0434    6.4301         0         0         0    5.8825    6.2053
    6.2954    6.2318    6.1750    6.4517    6.7109    6.9159    6.7886    6.3758    5.6363    6.2374
    6.4091    6.4097    6.4653    6.6570    6.8538    7.1290    6.9115    6.6425    6.3714    6.4906
    6.4699    6.5038    6.5959    6.7584    6.8725    6.9685    6.9108    6.7485    6.5720    6.6046
         0         0         0    6.8301    6.8928    6.9392    6.9221    6.8289    6.6849    6.6888
         0         0         0         0         0    6.9447    6.9437    6.9188         0         0
         0         0         0         0         0         0    6.9650    6.9612    6.9674         0
         0         0         0         0         0         0    6.9740    6.9721    6.9713         0

  Columns 11 through 12 

         0         0
         0         0
    6.4648    6.5764
    6.5376    6.6026
         0         0
         0         0
         0         0
         0         0
         0         0


pcown =

  Columns 1 through 10 

         0    1.1990    1.1972    1.1995         0         0         0         0         0         0
    1.2013    1.1994    1.1938    1.2004    1.2043         0         0         0    1.1988    1.2020
    1.2029    1.2023    1.2017    1.2045    1.2071    1.2092    1.2079    1.2038    1.1962    1.2024
    1.2041    1.2041    1.2047    1.2066    1.2086    1.0794    1.2091    1.2064    1.2037    1.2049
    1.2047    1.2050    1.2060    1.2076    1.2087    1.2097    1.2091    1.2075    1.2057    1.2061
         0         0         0    1.2083    1.2089    1.2094    1.2092    1.2083    1.2069    1.2069
         0         0         0         0         0    1.2095    1.2095    1.2092         0         0
         0         0         0         0         0         0    1.2097    1.2096    1.2097         0
         0         0         0         0         0         0    1.2098    1.2097    1.2097         0

  Columns 11 through 12 

         0         0
         0         0
    1.2047    1.2058
    1.2054    1.2060
         0         0
         0         0
         0         0
         0         0
         0         0


poiln =

  1.0e+003 *

  Columns 1 through 10 

         0    5.9094    5.7250    5.9565         0         0         0         0         0         0
    6.1318    5.9463    5.4011    6.0446    6.4313         0         0         0    5.8837    6.2065
    6.2966    6.2330    6.1762    6.4529    6.7121    6.9171    6.7898    6.3770    5.6375    6.2386
    6.4103    6.4109    6.4665    6.6582    6.8550    7.1300    6.9127    6.6437    6.3726    6.4918
    6.4711    6.5050    6.5971    6.7596    6.8738    6.9697    6.9120    6.7497    6.5732    6.6058
         0         0         0    6.8313    6.8940    6.9404    6.9234    6.8301    6.6861    6.6901
         0         0         0         0         0    6.9459    6.9449    6.9200         0         0
         0         0         0         0         0         0    6.9662    6.9624    6.9686         0
         0         0         0         0         0         0    6.9752    6.9733    6.9725         0

  Columns 11 through 12 

         0         0
         0         0
    6.4660    6.5776
    6.5388    6.6038
         0         0
         0         0
         0         0
         0         0
         0         0


saton =

  Columns 1 through 10 

         0    0.4974    0.4969    0.4975         0         0         0         0         0         0
    0.4979    0.4975    0.4961    0.4977    0.4986         0         0         0    0.4973    0.4981
    0.4983    0.4982    0.4980    0.4987    0.4993    0.4998    0.4995    0.4985    0.4967    0.4982
    0.4986    0.4986    0.4987    0.4992    0.4997    0.4689    0.4998    0.4992    0.4985    0.4988
    0.4987    0.4988    0.4990    0.4994    0.4997    0.4999    0.4998    0.4994    0.4990    0.4991
         0         0         0    0.4996    0.4997    0.4999    0.4998    0.4996    0.4993    0.4993
         0         0         0         0         0    0.4999    0.4999    0.4998         0         0
         0         0         0         0         0         0    0.4999    0.4999    0.4999         0
         0         0         0         0         0         0    0.4999    0.4999    0.4999         0

  Columns 11 through 12 

         0         0
         0         0
    0.4987    0.4990
    0.4989    0.4991
         0         0
         0         0
         0         0
         0         0
         0         0


satwn =

